Test 0
[['ring', 1, 1, 1]]
1
0.0009474754333496094

Test 1
[['ring', 100, 5, 2], ['ring', 100, 5, 2]]
200
0.001537322998046875

Test 2
[['ruby', 300, 300, 1]]
300
0.0009949207305908203

Test 3
[['ring', 250, 200, 1], ['ruby', 300, 300, 1]]
550
0.0009236335754394531

Test 4
[['boat', 55, 40, 2], ['boat', 55, 40, 2], ['goat', 30, 25, 2], ['goat', 30, 25, 2], ['coat', 75, 70, 1], ['remote', 60, 50, 3]]
305
0.0009925365447998047

Test 5
[['phone', 37, 29, 2], ['controller', 25, 21, 3], ['drink', 9, 5, 7], ['drink', 9, 5, 7], ['drink', 9, 5, 7], ['drink', 9, 5, 7], ['drink', 9, 5, 7], ['drink', 9, 5, 7], ['headphones', 50, 38, 2], ['headphones', 50, 38, 2], ['bottle', 15, 11, 5], ['bottle', 15, 11, 5], ['bottle', 15, 11, 5], ['bottle', 15, 11, 5], ['watch', 100, 75, 1]]
376
0.8226559162139893

Test 6
[['ring', 280, 200, 1], ['diamond', 280, 200, 1], ['coal', 100, 1, 1], ['pendant', 123, 56, 1], ['emerald', 152, 90, 1], ['grammy', 5, 1, 2], 
['grammy', 5, 1, 2], ['alexandrite', 125, 78, 1], ['axinite', 40, 30, 2], ['axinite', 40, 30, 2], ['shall', 109, 23, 1], ['falt', 47, 21, 1], 
['helm', 99, 10, 1], ['sheet', 82, 53, 1]]
1487
27.499187707901

Test 7
[['ring', 280, 200, 1], ['diamond', 280, 200, 1], ['coal', 100, 1, 1], ['pendant', 123, 56, 1], ['emerald', 152, 90, 1], ['grammy', 5, 1, 1], 
['agate', 100, 80, 1], ['alexandrite', 125, 78, 1], ['axinite', 40, 30, 1], ['shall', 109, 23, 1], ['falt', 47, 21, 1], ['helm', 99, 10, 1], ['gam', 20, 10, 1]]
1480
2.0489799976348877

Test 8
[['ring', 250, 200, 1], ['diamond', 240, 200, 1], ['crystal', 200, 200, 1], ['watch', 250, 200, 1], ['map', 240, 200, 1]]
1180
0.0011489391326904297

Test 9
[['map', 150, 9, 1], ['compass', 35, 13, 1], ['water', 200, 153, 2], ['glucose', 60, 15, 2], ['glucose', 60, 15, 2], ['banana', 60, 27, 3], ['banana', 60, 27, 3], ['banana', 60, 27, 3], ['cheese', 30, 23, 1], ['suntan-cream', 70, 11, 1], ['waterproof-overclothes', 75, 43, 1], ['note-case', 80, 22, 1], ['sunglasses', 20, 7, 1], ['socks', 50, 4, 1]]
1010
834.0687737464905

Test 10
[['map', 150, 9, 3], ['map', 150, 9, 3], ['map', 150, 9, 3], ['compass', 35, 13, 1], ['sandwich', 60, 50, 2], ['sandwich', 60, 50, 2], ['glucose', 60, 15, 2], ['glucose', 60, 15, 2], ['banana', 60, 27, 3], ['banana', 60, 27, 3], ['banana', 60, 27, 3], ['suntan-cream', 70, 11, 1], ['waterproof-trousers', 70, 42, 1], ['waterproof-overclothes', 75, 43, 1], ['note-case', 80, 22, 1], ['sunglasses', 20, 7, 1], ['towel', 12, 18, 
2], ['socks', 50, 4, 1]]
1282
2428.36936879158